00000000
11111111
11111111
11111111
11111111
11111111
11111111
00000000
00111110
11010100
01110000
01110110
00111001
00110000
00000000
00000000
00001001
00011010
00000001
00000100
10100001
00000010
00000001
01111000
00000000
11101100
00011000
10100011
01010100
01000110
10011000
00100101
00001111
01001000
01001100
00100000
00000000
00000000
00000001
00000000
00000001
00000000
00000001
00000000
00000001
00000001
00000001
00000001
00000001
00000001
00000001
00000001
00000001
00000001
11010101
00001001
10000000
10100000
00100000
11100000
00101101
00010000
00010000
01100000
10100010
00000000
10000000
11100000
00100001
00000000
00000000
00011110
00000000
00000000
00000000
11111100
00000000
01001111
01010110
00110111
00110110
00110111
00110000
00100001
00100001
00001010
00100000
00100000
00100000
00100000
00000000
00000000
00000000
00010000
00000000
00000000
00000000
00000000
00000000
00000000
00000000
00000000
00000000
00000000
00000000
00000000
00000000
00000000
00000000
00000000
00000000
00010000
00000000
00000000
00000000
00000000
00000000
00000000
00000000
00000000
00000000
00000000
00000000
00000000
00000000
00000000
00000000
01000110
00000000
00000000
00000000
00000000
00000000
00000000
00000000
00000000
00000000
00000000
00000000
00000000
00000000
00000000
00000000
00000000
00000000
00000000
00000000
00000000
00000000
00000000
00000000
00000000
00000000
00000000
00000000
00000000
00000000
00000000
00000000
00000000
00000000
00000000
00000000
00000000
00000000
00000000
00000000
00000000
00000000
00000000
00000000
00000000
00000000
00000000
00000000
00000000
00000000
00000000
00000000
00000000
00000000
00000000
00000000
00000000
00000000
00000000
00000000
00000000
00000000
00000000
00000000
00000000
00000000
00000000
00000000
00000000
00000000
00000000
00000000
00000000
00000000
00000000
00000000
00000000
00000000
00000000
00000000
00000000
00000000
00000000
00000000
00000000
00000000
00000000
00000000
00000000
00000000
00000000
00000000
00000000
00000000
00000000
00000000
00000000
00000000
00000000
00000000
00000000
00000000
00000000
00000000
00000000
00000000
00000000
00000000
00000000
00000000
00000000
00000000
00000000
00000000
00000000
00000000
00000000
00000000
00000000
00000000
00000000
00000000
00000000
00000000
00000000
00000000
00000000
00000000
00000000
